-00209
-00160
-00090
-00009
+00066
+00120
+00144
+00133
+00089
+00021
-00056
-00128
-00181
-00205
-00198
-00164
-00111
-00052
+00001
+00037
+00051
+00042
+00017
-00019
-00054
-00082
-00097
-00097
-00087
-00070
-00053
-00041
-00039
-00048
-00064
-00083
-00100
-00109
-00107
-00092
-00065
-00031
+00007
+00041
+00068
+00083
+00085
+00073
+00049
+00017
-00017
-00048
-00071
-00082
-00077
-00056
-00022
+00023
+00070
+00112
+00142
+00152
+00140
+00107
+00055
-00006
-00067
-00118
-00148
-00154
-00132
-00087
-00025
+00042
+00105
+00155
+00185
+00193
+00183
+00160
+00133
+00109
+00094
+00091
+00100
+00117
+00135
+00147
+00148
+00135
+00107
+00068
+00024
-00020
-00056
-00081
-00090
-00086
-00069
-00044
-00017
+00010
+00033
+00050
--
-00040
-00085
-00116
-00128
-00122
-00099
-00066
-00030
+00001
+00021
+00027
+00021
+00005
-00013
-00026
-00030
-00019
+00005
+00038
+00073
+00101
+00114
+00107
+00078
+00029
-00033
-00096
-00149
-00183
-00191
-00170
-00125
-00064
+00003
+00062
+00104
+00120
+00109
+00073
+00020
-00040
-00095
-00135
-00152
-00143
-00111
-00062
-00003
+00055
+00101
+00130
+00135
+00118
+00082
+00034
-00018
-00065
-00099
-00114
-00109
-00085
-00047
-00003
+00038
+00068
+00079
+00069
+00037
-00010
-00066
-00119
-00162
-00184
-00181
-00154
-00107
-00047
+00014
+00067
+00103
+00116
+00108
+00080
+00042
+00003
-00029
-00045
-00041
-00016
+00026
+00079
+00133
+00180
+00214
+00229
+00224
+00201
+00164
+00118
+00072
+00031
+00000
-00018
-00021
--
+00113
+00064
+00014
-00032
-00068
-00093
-00107
-00111
-00107
-00097
-00082
-00065
-00046
-00027
-00011
+00003
+00012
+00015
+00015
+00012
+00010
+00011
+00018
+00032
+00051
+00071
+00088
+00095
+00086
+00060
+00017
-00038
-00096
-00145
-00176
-00179
-00151
-00095
-00018
+00067
+00146
+00205
+00234
+00229
+00192
+00132
+00060
-00008
-00061
-00089
-00091
-00068
-00028
+00018
+00060
+00092
+00108
+00109
+00098
+00081
+00065
+00053
+00047
+00045
+00043
+00037
+00022
-00002
-00033
-00067
-00097
-00115
-00117
-00101
-00069
-00028
+00013
+00045
+00062
+00060
+00040
+00010
-00022
-00045
-00051
-00037
-00004
+00039
+00083
+00114
+00121
+00098
+00046
-00028
-00110
-00185
-00236
-00251
-00224
-00156
-00059
+00054
+00163
+00250
