+00155
+00140
+00112
+00077
+00041
+00011
-00007
-00011
+00000
+00022
+00052
+00082
+00106
+00117
+00113
+00092
+00057
+00012
-00038
-00084
-00122
-00146
-00154
-00146
-00125
-00096
-00065
-00039
-00024
-00024
-00041
-00072
-00115
-00162
-00205
-00238
-00253
-00249
-00224
-00183
-00132
-00080
-00035
-00004
+00007
-00003
-00031
-00071
-00114
-00153
-00179
-00187
-00174
-00144
-00100
-00050
+00000
+00042
+00072
+00087
+00089
+00079
+00064
+00046
+00032
+00024
+00022
+00026
+00035
+00045
+00053
+00057
+00057
+00053
+00047
+00039
+00033
+00030
+00031
+00036
+00044
+00052
+00060
+00065
+00068
+00067
+00064
+00059
+00056
+00055
+00059
+00066
+00077
+00090
+00104
+00116
+00125
+00130
+00129
+00124
+00114
+00101
+00086
+00071
--
-00085
-00165
-00234
-00276
-00278
-00240
-00169
-00080
+00009
+00079
+00117
+00118
+00086
+00031
-00031
-00082
-00109
-00106
-00073
-00016
+00051
+00116
+00165
+00192
+00193
+00172
+00136
+00095
+00057
+00029
+00012
+00006
+00008
+00013
+00017
+00018
+00016
+00011
+00008
+00006
+00007
+00009
+00012
+00011
+00006
-00004
-00018
-00031
-00040
-00039
-00027
-00002
+00031
+00069
+00105
+00130
+00140
+00133
+00109
+00071
+00026
-00019
-00059
-00089
-00109
-00120
-00125
-00127
-00130
-00134
-00139
-00143
-00140
-00127
-00101
-00063
-00015
+00038
+00088
+00128
+00153
+00159
+00147
+00119
+00081
+00041
+00007
-00017
-00026
-00021
-00004
+00020
+00046
+00066
+00078
+00078
+00068
+00049
+00024
-00002
-00026
-00045
-00059
-00069
--
-00036
-00008
+00001
-00008
-00028
-00052
-00074
-00089
-00093
-00086
-00069
-00046
-00020
+00006
+00030
+00049
+00062
+00068
+00065
+00053
+00032
+00003
-00032
-00069
-00103
-00129
-00143
-00144
-00132
-00111
-00087
-00068
-00059
-00066
-00089
-00125
-00166
-00203
-00226
-00226
-00201
-00151
-00084
-00010
+00056
+00104
+00125
+00115
+00078
+00022
-00040
-00094
-00128
-00135
-00113
-00065
-00002
+00065
+00122
+00159
+00170
+00153
+00113
+00056
-00006
-00063
-00105
-00127
-00128
-00107
-00071
-00027
+00018
+00057
+00085
+00099
+00100
+00089
+00072
+00053
+00038
+00030
+00033
+00045
+00067
+00094
+00123
+00148
+00166
+00174
+00172
+00162
+00145
+00125
+00107
+00091
+00081
+00074
+00070
+00066
+00060
+00049
+00033
+00012
