+00285
+00260
+00221
+00175
+00130
+00090
+00061
+00042
+00033
+00030
+00027
+00020
+00008
-00012
-00037
-00066
-00094
-00117
-00133
-00140
-00139
-00131
-00120
-00108
-00098
-00092
-00092
-00096
-00106
-00119
-00135
-00153
-00170
-00186
-00197
-00200
-00195
-00179
-00152
-00115
-00073
-00031
+00007
+00033
+00044
+00040
+00020
-00009
-00041
-00068
-00083
-00081
-00063
-00030
+00010
+00050
+00081
+00096
+00093
+00072
+00037
-00004
-00042
-00071
-00085
-00082
-00064
-00034
-00001
+00030
+00053
+00066
+00069
+00063
+00054
+00044
+00038
+00038
+00042
+00050
+00058
+00064
+00067
+00066
+00062
+00057
+00055
+00058
+00067
+00082
+00101
+00119
+00135
+00144
+00144
+00135
+00117
+00095
+00069
+00045
+00023
+00005
-00011
-00024
--
-00098
-00132
-00154
-00160
-00150
-00127
-00095
-00063
-00038
-00026
-00029
-00045
-00072
-00101
-00127
-00142
-00143
-00130
-00105
-00073
-00041
-00013
+00003
+00006
-00004
-00025
-00052
-00081
-00106
-00121
-00126
-00118
-00098
-00070
-00038
-00005
+00022
+00040
+00047
+00041
+00023
-00004
-00034
-00063
-00084
-00093
-00087
-00067
-00037
-00002
+00030
+00051
+00055
+00041
+00010
-00033
-00078
-00115
-00138
-00139
-00117
-00078
-00028
+00023
+00063
+00086
+00087
+00068
+00035
-00003
-00036
-00056
-00055
-00036
-00001
+00042
+00084
+00115
+00130
+00127
+00108
+00080
+00052
+00031
+00024
+00033
+00059
+00097
+00141
+00183
+00216
+00237
+00243
+00235
+00216
+00191
+00164
+00140
+00120
+00106
+00099
+00096
+00097
+00098
--
-00082
-00144
-00190
-00210
-00199
-00158
-00093
-00017
+00054
+00108
+00132
+00123
+00081
+00017
-00057
-00127
-00177
-00198
-00187
-00148
-00089
-00025
+00033
+00070
+00081
+00064
+00024
-00029
-00083
-00125
-00148
-00145
-00117
-00071
-00014
+00042
+00087
+00112
+00115
+00096
+00058
+00009
-00042
-00088
-00121
-00138
-00139
-00126
-00104
-00079
-00056
-00040
-00034
-00038
-00051
-00067
-00084
-00094
-00095
-00084
-00060
-00027
+00012
+00051
+00085
+00109
+00120
+00117
+00103
+00082
+00058
+00037
+00022
+00015
+00017
+00025
+00036
+00047
+00055
+00058
+00055
+00050
+00044
+00043
+00048
+00061
+00082
+00108
+00137
+00163
+00182
+00191
+00188
+00174
+00152
+00124
+00094
+00067
+00045
+00028
+00016
+00008
-00001
-00011
