+00130
+00115
+00086
+00046
+00003
-00036
-00063
-00073
-00065
-00041
-00007
+00029
+00060
+00081
+00086
+00078
+00060
+00037
+00016
+00001
-00004
+00000
+00011
+00025
+00038
+00044
+00045
+00039
+00032
+00026
+00025
+00034
+00052
+00079
+00110
+00141
+00167
+00183
+00188
+00180
+00162
+00137
+00109
+00082
+00060
+00044
+00036
+00036
+00041
+00049
+00057
+00061
+00060
+00049
+00029
+00000
-00035
-00074
-00109
-00137
-00151
-00147
-00125
-00086
-00035
+00021
+00072
+00111
+00131
+00128
+00102
+00056
-00002
-00064
-00121
-00166
-00195
-00207
-00203
-00188
-00170
-00153
-00142
-00140
-00146
-00158
-00170
-00177
-00176
-00162
-00135
-00099
-00056
-00012
+00026
+00055
+00070
+00073
+00064
+00047
+00027
+00007
-00009
-00018
--
+00058
+00104
+00139
+00159
+00162
+00150
+00128
+00102
+00078
+00063
+00057
+00060
+00070
+00083
+00092
+00094
+00088
+00074
+00055
+00036
+00024
+00023
+00036
+00061
+00096
+00134
+00168
+00192
+00200
+00190
+00163
+00124
+00078
+00033
-00005
-00030
-00042
-00039
-00026
-00007
+00013
+00029
+00038
+00038
+00031
+00017
-00001
-00019
-00034
-00044
-00048
-00044
-00033
-00015
+00006
+00028
+00048
+00063
+00070
+00068
+00055
+00035
+00009
-00016
-00036
-00047
-00046
-00032
-00007
+00022
+00051
+00071
+00078
+00069
+00044
+00005
-00039
-00083
-00118
-00139
-00144
-00134
-00114
-00089
-00067
-00054
-00053
-00065
-00088
-00117
-00147
-00173
-00191
-00201
-00203
-00198
-00191
-00182
-00174
-00166
-00157
-00147
-00134
-00118
--
-00093
-00035
+00012
+00041
+00047
+00031
-00002
-00044
-00087
-00122
-00145
-00153
-00148
-00133
-00113
-00093
-00075
-00062
-00053
-00048
-00046
-00047
-00051
-00059
-00072
-00090
-00112
-00133
-00150
-00156
-00149
-00126
-00089
-00044
-00001
+00033
+00049
+00041
+00009
-00041
-00100
-00156
-00198
-00215
-00204
-00165
-00106
-00036
+00031
+00085
+00118
+00127
+00115
+00087
+00054
+00022
+00000
-00009
-00006
+00006
+00022
+00037
+00048
+00054
+00056
+00057
+00060
+00067
+00080
+00096
+00111
+00123
+00128
+00124
+00113
+00099
+00086
+00081
+00086
+00103
+00129
+00157
+00181
+00191
+00183
+00156
+00113
+00062
+00014
-00022
-00037
-00028
+00003
+00048
+00095
+00132
+00147
+00136
+00098
+00040
-00025
-00084
-00125
-00138
