-00092
-00122
-00142
-00148
-00139
-00117
-00083
-00043
-00003
+00032
+00057
+00069
+00065
+00047
+00018
-00014
-00045
-00068
-00078
-00074
-00057
-00029
+00001
+00029
+00047
+00051
+00039
+00013
-00024
-00064
-00102
-00132
-00149
-00152
-00143
-00124
-00101
-00078
-00059
-00048
-00043
-00045
-00051
-00058
-00064
-00067
-00069
-00070
-00070
-00072
-00075
-00080
-00085
-00088
-00086
-00079
-00066
-00048
-00026
-00002
+00020
+00039
+00054
+00066
+00076
+00086
+00097
+00111
+00126
+00143
+00159
+00171
+00178
+00180
+00177
+00171
+00166
+00164
+00167
+00175
+00186
+00198
+00205
+00203
+00189
+00160
+00120
+00071
+00019
-00030
-00069
-00096
-00107
-00104
-00091
-00072
-00051
-00033
-00020
-00011
-00005
+00001
+00007
+00015
--
-00090
-00038
+00007
+00037
+00045
+00033
+00005
-00033
-00071
-00100
-00117
-00120
-00111
-00098
-00085
-00079
-00083
-00097
-00118
-00140
-00156
-00162
-00154
-00132
-00099
-00061
-00025
+00003
+00017
+00015
-00002
-00030
-00062
-00093
-00116
-00127
-00123
-00106
-00078
-00045
-00012
+00016
+00034
+00041
+00036
+00021
-00001
-00025
-00047
-00063
-00071
-00070
-00061
-00045
-00026
-00007
+00010
+00020
+00025
+00024
+00020
+00015
+00013
+00018
+00032
+00057
+00093
+00136
+00183
+00229
+00267
+00292
+00300
+00288
+00257
+00210
+00152
+00089
+00031
-00017
-00049
-00062
-00056
-00034
-00002
+00033
+00064
+00083
+00088
+00076
+00051
+00017
-00019
-00050
-00069
-00072
-00059
-00032
+00004
+00041
+00074
+00095
+00104
+00099
--
-00048
-00030
+00002
+00042
+00082
+00114
+00132
+00133
+00118
+00092
+00060
+00030
+00007
-00004
-00002
+00011
+00034
+00060
+00085
+00105
+00118
+00121
+00116
+00104
+00086
+00066
+00045
+00026
+00010
-00001
-00005
-00002
+00008
+00025
+00044
+00065
+00082
+00093
+00094
+00084
+00064
+00037
+00008
-00017
-00034
-00040
-00033
-00017
+00004
+00023
+00033
+00029
+00008
-00029
-00074
-00121
-00159
-00179
-00176
-00150
-00103
-00045
+00013
+00059
+00081
+00075
+00041
-00016
-00084
-00149
-00196
-00215
-00200
-00152
-00079
+00004
+00082
+00140
+00165
+00151
+00100
+00022
-00070
-00158
-00226
-00262
-00259
-00218
-00149
-00064
+00020
+00089
+00132
+00143
+00124
+00083
+00030
-00022
-00061
-00080
-00077
-00054
-00017
+00024
