+00017
-00024
-00052
-00065
-00060
-00039
-00007
+00029
+00063
+00088
+00099
+00093
+00072
+00039
+00000
-00038
-00069
-00086
-00086
-00068
-00034
+00011
+00058
+00099
+00127
+00134
+00118
+00079
+00021
-00047
-00116
-00177
-00218
-00235
-00223
-00187
-00131
-00065
-00001
+00050
+00080
+00083
+00061
+00017
-00039
-00096
-00142
-00167
-00167
-00141
-00095
-00038
+00018
+00059
+00077
+00068
+00032
-00023
-00086
-00141
-00177
-00184
-00159
-00106
-00034
+00042
+00109
+00153
+00165
+00145
+00098
+00036
-00027
-00076
-00099
-00092
-00055
+00003
+00070
+00132
+00176
+00194
+00185
+00152
+00105
+00055
+00015
-00006
-00007
+00013
+00046
+00082
+00111
+00126
+00121
+00099
+00065
+00027
-00006
-00026
-00029
-00016
+00008
+00038
--
-00291
-00237
-00177
-00121
-00076
-00048
-00036
-00040
-00052
-00066
-00076
-00077
-00067
-00047
-00022
+00003
+00024
+00036
+00037
+00027
+00010
-00011
-00030
-00044
-00049
-00044
-00030
-00009
+00015
+00038
+00058
+00071
+00077
+00076
+00071
+00062
+00054
+00047
+00044
+00045
+00051
+00061
+00072
+00084
+00093
+00100
+00101
+00097
+00089
+00078
+00065
+00052
+00041
+00033
+00028
+00026
+00027
+00031
+00035
+00040
+00047
+00055
+00065
+00078
+00095
+00113
+00132
+00149
+00161
+00167
+00163
+00150
+00129
+00103
+00074
+00046
+00023
+00006
-00005
-00010
-00011
-00011
-00012
-00014
-00017
-00021
-00024
-00022
-00017
-00009
+00001
+00008
+00007
-00004
-00029
-00067
-00114
-00167
-00217
-00257
-00283
-00289
-00276
-00246
--
+00086
+00092
+00087
+00070
+00045
+00014
-00019
-00048
-00070
-00081
-00080
-00065
-00038
-00001
+00040
+00080
+00113
+00133
+00136
+00122
+00092
+00052
+00008
-00031
-00059
-00070
-00063
-00040
-00005
+00032
+00064
+00084
+00086
+00071
+00043
+00008
-00024
-00046
-00051
-00036
-00003
+00041
+00088
+00128
+00153
+00157
+00139
+00104
+00057
+00009
-00032
-00056
-00060
-00043
-00008
+00039
+00088
+00130
+00159
+00168
+00155
+00123
+00076
+00021
-00034
-00080
-00112
-00125
-00115
-00085
-00039
+00016
+00072
+00121
+00153
+00164
+00150
+00112
+00056
-00011
-00078
-00134
-00172
-00186
-00175
-00143
-00097
-00048
-00007
+00017
+00018
-00005
-00049
-00104
-00161
-00207
-00235
-00238
-00217
-00175
-00122
-00068
-00023
+00004
