+00084
+00050
+00012
-00020
-00040
-00044
-00032
-00007
+00027
+00065
+00103
+00136
+00163
+00182
+00195
+00200
+00199
+00193
+00182
+00169
+00154
+00137
+00120
+00101
+00081
+00059
+00035
+00010
-00016
-00040
-00059
-00070
-00071
-00061
-00043
-00021
+00001
+00016
+00019
+00008
-00017
-00051
-00088
-00119
-00136
-00135
-00113
-00073
-00020
+00035
+00084
+00119
+00136
+00132
+00113
+00082
+00049
+00021
+00004
-00001
+00008
+00026
+00048
+00067
+00077
+00076
+00061
+00035
+00000
-00037
-00071
-00095
-00106
-00100
-00080
-00048
-00009
+00029
+00059
+00074
+00072
+00052
+00016
-00030
-00077
-00117
-00143
-00151
-00139
-00112
-00077
-00041
-00015
-00004
-00012
-00038
-00078
-00125
-00169
-00203
-00221
-00221
-00204
-00177
--
-00060
-00041
-00041
-00056
-00078
-00098
-00111
-00113
-00105
-00088
-00067
-00047
-00028
-00014
-00003
+00006
+00014
+00022
+00028
+00031
+00029
+00022
+00007
-00012
-00034
-00055
-00072
-00083
-00086
-00081
-00070
-00053
-00033
-00010
+00016
+00043
+00069
+00092
+00108
+00114
+00107
+00085
+00050
+00009
-00032
-00063
-00076
-00066
-00033
+00020
+00084
+00147
+00197
+00228
+00234
+00217
+00184
+00144
+00105
+00076
+00057
+00048
+00042
+00032
+00010
-00025
-00072
-00127
-00179
-00219
-00239
-00236
-00213
-00175
-00134
-00098
-00075
-00068
-00073
-00085
-00092
-00087
-00064
-00023
+00032
+00090
+00142
+00176
+00188
+00175
+00143
+00101
+00059
+00027
+00011
+00012
+00026
+00046
+00063
+00069
+00059
+00035
+00000
-00039
--
+00099
+00077
+00071
+00080
+00097
+00118
+00135
+00145
+00146
+00139
+00128
+00115
+00106
+00100
+00098
+00097
+00094
+00085
+00070
+00049
+00025
+00004
-00011
-00014
-00003
+00019
+00050
+00082
+00109
+00122
+00118
+00095
+00055
+00003
-00054
-00108
-00153
-00185
-00202
-00206
-00199
-00187
-00174
-00163
-00156
-00153
-00152
-00151
-00149
-00142
-00130
-00114
-00094
-00071
-00046
-00023
-00001
+00018
+00033
+00042
+00045
+00039
+00025
+00004
-00022
-00051
-00076
-00095
-00102
-00094
-00073
-00039
+00001
+00041
+00075
+00095
+00099
+00086
+00059
+00022
-00017
-00051
-00077
-00091
-00094
-00088
-00078
-00068
-00061
-00057
-00056
-00052
-00042
-00022
+00009
+00049
+00093
+00134
+00162
+00172
+00160
+00128
+00083
+00034
