-00083
-00057
-00016
+00031
+00076
+00109
+00124
+00117
+00093
+00058
+00025
+00004
+00002
+00022
+00061
+00109
+00154
+00181
+00183
+00156
+00102
+00033
-00036
-00091
-00118
-00111
-00072
-00010
+00060
+00121
+00158
+00160
+00125
+00059
-00025
-00111
-00182
-00224
-00232
-00204
-00149
-00080
-00012
+00042
+00072
+00073
+00048
+00004
-00048
-00097
-00133
-00151
-00149
-00130
-00099
-00065
-00034
-00013
-00005
-00009
-00023
-00043
-00064
-00080
-00090
-00091
-00085
-00073
-00061
-00050
-00044
-00045
-00052
-00065
-00081
-00095
-00104
-00106
-00098
-00081
-00057
-00029
-00002
+00020
+00034
+00039
+00034
+00023
+00011
+00002
+00003
+00016
+00042
+00078
+00120
+00159
+00190
+00206
+00202
+00180
+00144
+00101
+00060
+00030
--
-00030
-00060
-00098
-00140
-00179
-00210
-00227
-00230
-00218
-00194
-00164
-00135
-00113
-00101
-00104
-00119
-00144
-00171
-00195
-00209
-00208
-00192
-00161
-00121
-00077
-00036
-00003
+00019
+00030
+00032
+00030
+00030
+00036
+00051
+00075
+00104
+00133
+00156
+00168
+00165
+00147
+00115
+00076
+00035
+00001
-00023
-00033
-00029
-00014
+00006
+00026
+00040
+00046
+00043
+00033
+00020
+00008
+00001
+00002
+00010
+00025
+00040
+00052
+00057
+00053
+00039
+00018
-00004
-00021
-00029
-00024
-00007
+00021
+00053
+00083
+00104
+00112
+00104
+00082
+00052
+00020
-00005
-00019
-00016
+00003
+00033
+00070
+00105
+00132
+00145
+00144
+00129
+00105
+00079
+00056
+00041
+00036
+00040
+00050
+00062
+00072
+00075
+00071
+00059
--
-00160
-00113
-00075
-00054
-00051
-00065
-00090
-00119
-00143
-00155
-00152
-00134
-00107
-00077
-00055
-00046
-00056
-00082
-00120
-00162
-00197
-00217
-00217
-00194
-00154
-00103
-00054
-00015
+00006
+00005
-00016
-00050
-00086
-00116
-00129
-00119
-00087
-00037
+00023
+00083
+00132
+00162
+00170
+00157
+00129
+00093
+00060
+00037
+00030
+00041
+00069
+00106
+00145
+00179
+00201
+00208
+00198
+00176
+00146
+00116
+00090
+00074
+00069
+00075
+00088
+00103
+00115
+00118
+00111
+00092
+00064
+00031
-00003
-00032
-00052
-00061
-00059
-00047
-00030
-00011
+00005
+00015
+00017
+00012
+00001
-00012
-00023
-00030
-00031
-00024
-00012
+00005
+00024
+00041
+00055
+00064
+00067
+00064
+00057
+00046
+00032
+00019
+00007
-00002
