-00135
-00128
-00127
-00133
-00144
-00159
-00175
-00188
-00196
-00197
-00191
-00181
-00167
-00152
-00140
-00130
-00124
-00121
-00121
-00121
-00120
-00118
-00114
-00108
-00102
-00096
-00092
-00088
-00087
-00086
-00087
-00087
-00086
-00084
-00080
-00074
-00066
-00055
-00043
-00029
-00013
+00003
+00018
+00033
+00045
+00055
+00061
+00064
+00064
+00063
+00061
+00059
+00059
+00061
+00064
+00068
+00073
+00077
+00080
+00082
+00084
+00085
+00086
+00088
+00090
+00092
+00093
+00091
+00086
+00078
+00066
+00054
+00042
+00034
+00032
+00038
+00051
+00070
+00092
+00115
+00134
+00145
+00148
+00141
+00127
+00107
+00088
+00071
+00061
+00059
+00064
+00075
+00088
+00100
+00109
+00111
+00106
+00096
+00082
+00068
+00056
+00050
+00050
+00056
--
-00091
-00078
-00063
-00045
-00026
-00010
+00001
+00003
-00004
-00020
-00042
-00064
-00082
-00090
-00084
-00062
-00029
+00012
+00053
+00085
+00101
+00097
+00071
+00027
-00028
-00084
-00131
-00161
-00167
-00150
-00113
-00063
-00013
+00029
+00051
+00048
+00020
-00028
-00087
-00146
-00192
-00215
-00211
-00179
-00126
-00063
-00002
+00044
+00066
+00059
+00025
-00030
-00094
-00155
-00200
-00221
-00215
-00185
-00136
-00080
-00028
+00013
+00037
+00043
+00034
+00018
+00001
-00010
-00010
+00003
+00024
+00051
+00076
+00096
+00106
+00107
+00100
+00090
+00082
+00078
+00082
+00093
+00109
+00125
+00137
+00141
+00135
+00121
+00100
+00077
+00058
+00045
+00042
+00050
+00067
+00090
+00114
+00135
+00150
+00155
+00152
+00142
+00126
+00109
--
-00161
-00135
-00106
-00085
-00081
-00097
-00132
-00179
-00228
-00267
-00286
-00279
-00247
-00194
-00131
-00068
-00017
+00015
+00026
+00018
-00001
-00023
-00038
-00039
-00023
+00006
+00044
+00081
+00107
+00117
+00106
+00077
+00035
-00011
-00050
-00075
-00080
-00065
-00034
+00005
+00043
+00071
+00083
+00078
+00059
+00031
+00004
-00014
-00018
-00005
+00022
+00056
+00088
+00110
+00115
+00100
+00068
+00026
-00016
-00048
-00064
-00058
-00032
+00008
+00053
+00092
+00119
+00127
+00118
+00097
+00071
+00052
+00045
+00057
+00085
+00125
+00167
+00201
+00216
+00207
+00174
+00122
+00060
+00000
-00048
-00076
-00080
-00064
-00035
-00002
+00026
+00040
+00039
+00022
-00004
-00031
-00052
-00061
-00056
-00039
-00016
+00005
+00015
+00009
