+00092
+00110
+00117
+00114
+00103
+00087
+00070
+00057
+00051
+00055
+00068
+00089
+00115
+00141
+00162
+00176
+00179
+00172
+00156
+00134
+00111
+00089
+00072
+00061
+00058
+00060
+00065
+00071
+00076
+00077
+00075
+00070
+00064
+00057
+00052
+00048
+00046
+00044
+00041
+00037
+00031
+00023
+00014
+00006
+00002
+00002
+00006
+00015
+00027
+00039
+00047
+00048
+00041
+00022
-00007
-00044
-00086
-00129
-00169
-00200
-00218
-00222
-00211
-00186
-00149
-00104
-00056
-00010
+00030
+00060
+00080
+00088
+00085
+00073
+00056
+00036
+00016
-00002
-00018
-00033
-00046
-00059
-00074
-00091
-00110
-00129
-00147
-00162
-00172
-00176
-00173
-00163
-00150
-00133
-00115
-00099
-00085
-00075
-00068
-00063
-00061
-00059
-00058
-00055
--
+00015
+00008
-00002
-00013
-00022
-00027
-00026
-00019
-00005
+00013
+00032
+00048
+00059
+00061
+00055
+00042
+00024
+00006
-00009
-00016
-00016
-00008
+00007
+00023
+00037
+00046
+00047
+00040
+00028
+00013
+00000
-00008
-00008
+00001
+00017
+00039
+00061
+00081
+00095
+00101
+00100
+00095
+00088
+00083
+00084
+00093
+00109
+00130
+00153
+00174
+00188
+00192
+00186
+00169
+00145
+00117
+00088
+00062
+00040
+00024
+00012
+00003
-00005
-00013
-00022
-00032
-00039
-00043
-00040
-00030
-00012
+00012
+00040
+00066
+00087
+00099
+00099
+00087
+00064
+00033
-00002
-00037
-00067
-00090
-00105
-00113
-00114
-00112
-00109
-00109
-00112
-00121
-00135
-00152
-00172
-00192
-00209
-00223
-00231
-00234
-00230
-00223
-00211
-00199
--
+00118
+00072
+00020
-00027
-00057
-00065
-00047
-00008
+00041
+00090
+00124
+00135
+00118
+00076
+00017
-00044
-00094
-00121
-00118
-00085
-00029
+00036
+00095
+00135
+00147
+00130
+00089
+00038
-00009
-00037
-00034
+00002
+00066
+00146
+00223
+00281
+00306
+00289
+00234
+00150
+00054
-00036
-00103
-00136
-00130
-00093
-00036
+00024
+00072
+00096
+00089
+00054
+00000
-00059
-00110
-00141
-00145
-00123
-00080
-00029
+00020
+00054
+00068
+00058
+00030
-00009
-00049
-00080
-00096
-00096
-00081
-00056
-00031
-00011
-00002
-00006
-00020
-00039
-00056
-00065
-00062
-00046
-00019
+00014
+00046
+00070
+00081
+00077
+00056
+00024
-00016
-00058
-00095
-00124
-00142
-00150
-00148
-00140
-00128
-00112
-00093
-00072
-00047
-00019
