-00008
-00033
-00065
-00099
-00128
-00147
-00155
-00152
-00140
-00125
-00113
-00107
-00110
-00122
-00140
-00160
-00176
-00186
-00186
-00178
-00163
-00145
-00126
-00111
-00099
-00091
-00085
-00078
-00069
-00057
-00043
-00030
-00020
-00016
-00018
-00027
-00040
-00054
-00065
-00071
-00070
-00064
-00055
-00046
-00039
-00038
-00040
-00043
-00044
-00037
-00020
+00009
+00049
+00094
+00138
+00176
+00200
+00208
+00199
+00177
+00146
+00114
+00087
+00071
+00066
+00073
+00087
+00105
+00121
+00131
+00132
+00125
+00111
+00093
+00073
+00055
+00040
+00031
+00027
+00028
+00034
+00043
+00055
+00069
+00085
+00101
+00115
+00124
+00127
+00123
+00110
+00091
+00067
+00042
+00020
+00004
-00003
-00001
+00009
+00025
+00041
+00055
+00064
+00065
--
+00162
+00135
+00110
+00088
+00067
+00050
+00036
+00028
+00025
+00029
+00037
+00047
+00055
+00057
+00049
+00029
+00000
-00034
-00067
-00090
-00098
-00087
-00057
-00011
+00044
+00097
+00140
+00166
+00171
+00158
+00129
+00091
+00053
+00021
-00002
-00012
-00013
-00005
+00007
+00021
+00035
+00048
+00061
+00073
+00085
+00095
+00100
+00098
+00086
+00063
+00029
-00013
-00057
-00100
-00135
-00158
-00169
-00169
-00160
-00149
-00139
-00136
-00140
-00151
-00166
-00181
-00190
-00188
-00174
-00145
-00104
-00054
+00000
+00051
+00094
+00126
+00143
+00147
+00138
+00121
+00101
+00081
+00065
+00055
+00050
+00047
+00043
+00034
+00016
-00012
-00048
-00088
-00125
-00153
-00166
-00160
-00136
-00096
-00049
-00003
+00034
+00057
+00062
+00051
--
-00071
-00106
-00133
-00146
-00145
-00131
-00107
-00077
-00047
-00019
+00005
+00027
+00049
+00072
+00099
+00127
+00153
+00171
+00178
+00167
+00140
+00098
+00049
+00000
-00039
-00061
-00064
-00049
-00021
+00010
+00036
+00049
+00046
+00029
+00003
-00021
-00034
-00031
-00007
+00034
+00086
+00138
+00179
+00200
+00199
+00176
+00136
+00090
+00047
+00015
+00000
+00000
+00012
+00028
+00039
+00038
+00023
-00006
-00044
-00085
-00121
-00145
-00153
-00145
-00123
-00094
-00062
-00034
-00012
+00002
+00009
+00010
+00008
+00003
-00004
-00013
-00028
-00049
-00076
-00108
-00143
-00174
-00198
-00209
-00206
-00188
-00157
-00119
-00078
-00039
-00007
+00017
+00035
+00048
+00061
+00076
+00094
+00115
+00134
+00147
+00148
+00132
+00098
+00045
