+00136
+00107
+00079
+00053
+00032
+00016
+00007
+00003
+00003
+00006
+00009
+00013
+00015
+00014
+00009
-00002
-00018
-00039
-00063
-00086
-00105
-00116
-00115
-00100
-00072
-00032
+00013
+00059
+00100
+00128
+00142
+00141
+00128
+00105
+00080
+00058
+00044
+00041
+00050
+00067
+00090
+00114
+00134
+00148
+00153
+00148
+00134
+00112
+00085
+00054
+00022
-00011
-00041
-00067
-00085
-00093
-00088
-00070
-00039
+00003
+00050
+00097
+00138
+00164
+00172
+00160
+00127
+00078
+00018
-00045
-00103
-00149
-00177
-00185
-00172
-00141
-00096
-00044
+00007
+00050
+00079
+00088
+00074
+00040
-00012
-00074
-00137
-00191
-00227
-00239
-00225
-00188
-00134
-00076
-00023
+00014
+00027
+00018
-00011
-00048
-00081
-00097
-00089
-00051
--
+00004
-00023
-00052
-00077
-00093
-00096
-00085
-00064
-00036
-00007
+00016
+00031
+00034
+00027
+00010
-00011
-00034
-00055
-00071
-00082
-00086
-00085
-00078
-00067
-00050
-00030
-00005
+00022
+00050
+00073
+00091
+00098
+00094
+00079
+00054
+00025
-00004
-00025
-00034
-00028
-00007
+00025
+00064
+00101
+00130
+00144
+00141
+00120
+00085
+00042
+00000
-00035
-00054
-00055
-00037
-00003
+00041
+00087
+00127
+00156
+00167
+00162
+00143
+00116
+00088
+00067
+00060
+00068
+00091
+00124
+00160
+00189
+00201
+00192
+00157
+00100
+00028
-00049
-00118
-00171
-00198
-00198
-00174
-00134
-00088
-00048
-00025
-00023
-00045
-00084
-00132
-00178
-00212
-00225
-00215
-00182
-00133
-00077
-00024
+00016
+00038
+00040
+00026
-00001
--
-00093
-00061
-00037
-00027
-00031
-00048
-00068
-00085
-00091
-00078
-00046
+00003
+00061
+00119
+00166
+00194
+00196
+00173
+00129
+00074
+00017
-00030
-00059
-00067
-00054
-00026
+00006
+00033
+00044
+00035
+00004
-00043
-00097
-00148
-00182
-00191
-00171
-00123
-00055
+00023
+00097
+00155
+00186
+00188
+00161
+00114
+00058
+00005
-00032
-00046
-00033
+00004
+00056
+00111
+00158
+00185
+00186
+00158
+00105
+00038
-00032
-00092
-00131
-00143
-00127
-00089
-00037
+00017
+00059
+00079
+00072
+00039
-00014
-00077
-00136
-00180
-00199
-00189
-00152
-00095
-00031
+00028
+00070
+00087
+00076
+00043
-00004
-00054
-00094
-00114
-00110
-00082
-00038
+00014
+00060
+00091
+00102
+00090
+00063
+00028
-00003
-00019
-00014
+00014
