+00042
+00047
+00047
+00044
+00040
+00036
+00034
+00036
+00040
+00047
+00056
+00066
+00074
+00081
+00086
+00087
+00087
+00085
+00082
+00080
+00081
+00083
+00088
+00095
+00103
+00111
+00118
+00122
+00123
+00121
+00117
+00111
+00105
+00100
+00097
+00098
+00101
+00107
+00115
+00121
+00126
+00127
+00124
+00117
+00105
+00092
+00078
+00065
+00055
+00049
+00047
+00048
+00050
+00052
+00051
+00046
+00035
+00019
-00001
-00023
-00044
-00061
-00072
-00075
-00071
-00060
-00046
-00030
-00015
-00006
-00002
-00005
-00015
-00029
-00045
-00062
-00077
-00089
-00098
-00105
-00110
-00115
-00121
-00129
-00139
-00151
-00163
-00175
-00185
-00192
-00195
-00194
-00189
-00180
-00170
-00158
-00147
-00137
-00129
-00123
-00119
-00117
-00116
-00117
--
+00071
+00052
+00036
+00023
+00018
+00021
+00033
+00052
+00076
+00101
+00124
+00141
+00149
+00147
+00136
+00118
+00098
+00078
+00063
+00056
+00058
+00067
+00080
+00095
+00106
+00111
+00107
+00095
+00076
+00053
+00031
+00013
+00004
+00005
+00016
+00035
+00058
+00083
+00103
+00117
+00122
+00117
+00104
+00086
+00066
+00048
+00034
+00028
+00029
+00036
+00048
+00063
+00076
+00086
+00091
+00090
+00083
+00073
+00059
+00045
+00031
+00018
+00006
-00005
-00017
-00028
-00039
-00050
-00059
-00064
-00064
-00060
-00050
-00037
-00024
-00013
-00008
-00011
-00022
-00043
-00069
-00098
-00126
-00148
-00163
-00168
-00166
-00157
-00146
-00137
-00133
-00136
-00146
-00163
-00182
-00201
-00216
-00222
-00218
-00204
-00181
-00153
-00122
-00095
--
+00151
+00114
+00070
+00029
+00001
-00005
+00012
+00047
+00093
+00137
+00171
+00184
+00175
+00145
+00102
+00057
+00021
+00003
+00007
+00033
+00075
+00122
+00164
+00191
+00198
+00183
+00152
+00113
+00076
+00050
+00041
+00051
+00076
+00107
+00135
+00150
+00147
+00122
+00081
+00031
-00018
-00055
-00072
-00065
-00038
+00003
+00048
+00087
+00109
+00110
+00089
+00051
+00005
-00039
-00072
-00089
-00086
-00067
-00038
-00008
+00015
+00026
+00021
+00002
-00026
-00055
-00079
-00093
-00095
-00085
-00070
-00054
-00046
-00050
-00067
-00095
-00131
-00166
-00193
-00206
-00202
-00182
-00150
-00112
-00077
-00050
-00038
-00040
-00055
-00079
-00105
-00127
-00140
-00142
-00134
-00117
-00096
-00076
-00061
-00051
-00047
-00047
-00048
-00046
