-00208
-00196
-00171
-00133
-00086
-00034
+00016
+00059
+00090
+00106
+00105
+00090
+00064
+00033
+00001
-00025
-00041
-00043
-00033
-00011
+00020
+00055
+00088
+00114
+00129
+00129
+00114
+00084
+00044
-00001
-00044
-00079
-00100
-00104
-00091
-00066
-00034
-00004
+00016
+00019
+00002
-00033
-00081
-00132
-00174
-00199
-00198
-00170
-00120
-00057
+00007
+00058
+00085
+00084
+00054
+00003
-00056
-00109
-00143
-00152
-00133
-00092
-00039
+00010
+00043
+00051
+00030
-00015
-00073
-00131
-00173
-00190
-00176
-00132
-00069
+00003
+00068
+00115
+00139
+00137
+00116
+00086
+00057
+00038
+00036
+00051
+00078
+00112
+00142
+00163
+00170
+00163
+00147
+00125
+00105
+00090
+00082
+00079
+00078
+00073
+00061
+00040
+00012
-00019
--
-00209
-00213
-00211
-00205
-00196
-00185
-00176
-00169
-00164
-00162
-00160
-00157
-00150
-00139
-00124
-00107
-00090
-00076
-00068
-00069
-00079
-00095
-00115
-00134
-00147
-00151
-00143
-00124
-00095
-00061
-00025
+00007
+00031
+00046
+00050
+00045
+00035
+00022
+00011
+00004
+00004
+00011
+00024
+00040
+00057
+00071
+00080
+00082
+00075
+00061
+00042
+00021
+00002
-00012
-00017
-00012
+00003
+00025
+00050
+00075
+00095
+00105
+00103
+00090
+00068
+00041
+00014
-00008
-00020
-00020
-00009
+00013
+00041
+00069
+00094
+00111
+00120
+00120
+00113
+00103
+00093
+00087
+00086
+00092
+00102
+00116
+00130
+00141
+00147
+00147
+00140
+00127
+00108
+00086
+00063
+00042
+00024
+00012
+00009
+00014
+00028
+00050
+00076
+00102
--
+00047
+00061
+00071
+00074
+00070
+00062
+00050
+00038
+00025
+00015
+00007
+00002
+00001
+00005
+00014
+00028
+00047
+00070
+00093
+00113
+00126
+00127
+00113
+00085
+00043
-00008
-00063
-00114
-00155
-00183
-00195
-00194
-00183
-00167
-00154
-00148
-00152
-00165
-00185
-00206
-00223
-00231
-00225
-00206
-00175
-00137
-00099
-00066
-00044
-00035
-00039
-00051
-00068
-00083
-00091
-00087
-00071
-00045
-00012
+00022
+00051
+00070
+00077
+00072
+00058
+00039
+00021
+00009
+00007
+00016
+00036
+00063
+00092
+00118
+00137
+00146
+00143
+00129
+00109
+00086
+00064
+00048
+00039
+00038
+00044
+00055
+00067
+00077
+00083
+00083
+00078
+00067
+00054
+00040
+00029
+00022
+00020
+00024
+00034
+00048
+00065
+00083
+00098
+00108
