-00020
+00011
+00044
+00074
+00101
+00122
+00136
+00144
+00145
+00141
+00135
+00128
+00123
+00120
+00121
+00125
+00130
+00135
+00137
+00135
+00129
+00120
+00110
+00102
+00097
+00097
+00103
+00112
+00122
+00129
+00129
+00120
+00102
+00076
+00047
+00020
+00001
-00006
+00002
+00023
+00053
+00086
+00114
+00130
+00131
+00114
+00084
+00044
+00003
-00033
-00058
-00070
-00070
-00060
-00047
-00036
-00031
-00036
-00048
-00065
-00081
-00093
-00096
-00088
-00073
-00054
-00036
-00026
-00027
-00040
-00064
-00094
-00126
-00154
-00171
-00178
-00172
-00159
-00142
-00127
-00117
-00114
-00119
-00128
-00139
-00148
-00151
-00147
-00135
-00119
-00100
-00081
-00065
-00051
-00041
-00033
-00026
-00021
-00019
-00020
-00029
-00046
-00073
-00108
--
-00065
-00060
-00055
-00049
-00042
-00034
-00028
-00024
-00023
-00028
-00035
-00046
-00056
-00063
-00065
-00060
-00047
-00028
-00005
+00019
+00041
+00057
+00066
+00067
+00059
+00044
+00026
+00006
-00014
-00030
-00043
-00051
-00054
-00054
-00050
-00045
-00038
-00032
-00028
-00025
-00025
-00029
-00037
-00049
-00064
-00082
-00100
-00117
-00131
-00141
-00146
-00144
-00136
-00124
-00109
-00092
-00076
-00062
-00050
-00042
-00037
-00034
-00032
-00030
-00027
-00022
-00015
-00008
+00001
+00010
+00020
+00030
+00043
+00058
+00078
+00101
+00129
+00159
+00189
+00216
+00236
+00247
+00248
+00238
+00219
+00195
+00170
+00148
+00132
+00124
+00122
+00123
+00124
+00120
+00106
+00080
+00043
-00003
-00054
-00103
-00145
-00174
-00189
-00189
--
-00008
+00010
+00015
+00003
-00022
-00057
-00093
-00122
-00136
-00133
-00114
-00083
-00050
-00024
-00012
-00019
-00044
-00082
-00122
-00155
-00170
-00161
-00127
-00074
-00011
+00049
+00093
+00111
+00098
+00058
-00003
-00069
-00127
-00163
-00166
-00134
-00073
+00008
+00094
+00169
+00219
+00238
+00223
+00181
+00124
+00064
+00017
-00010
-00011
+00011
+00049
+00090
+00123
+00139
+00131
+00101
+00056
+00006
-00037
-00061
-00061
-00036
+00009
+00064
+00116
+00152
+00163
+00145
+00101
+00039
-00028
-00085
-00120
-00126
-00102
-00052
+00013
+00078
+00130
+00156
+00152
+00118
+00061
-00007
-00074
-00125
-00151
-00149
-00121
-00074
-00020
+00031
+00067
+00083
+00077
+00052
+00017
-00021
-00052
-00069
-00070
-00056
-00030
-00001
