+00008
+00034
+00043
+00033
+00007
-00028
-00062
-00084
-00088
-00068
-00028
+00026
+00082
+00130
+00158
+00160
+00134
+00085
+00022
-00042
-00096
-00128
-00134
-00115
-00076
-00026
+00022
+00058
+00076
+00074
+00053
+00020
-00015
-00044
-00061
-00063
-00051
-00033
-00014
-00003
-00004
-00019
-00046
-00079
-00110
-00133
-00142
-00135
-00117
-00094
-00073
-00064
-00071
-00095
-00132
-00173
-00208
-00225
-00215
-00176
-00110
-00027
+00061
+00139
+00194
+00218
+00210
+00174
+00122
+00066
+00021
-00003
-00002
+00024
+00066
+00113
+00151
+00170
+00162
+00129
+00076
+00013
-00045
-00088
-00106
-00095
-00061
-00010
+00045
+00093
+00121
+00126
+00108
+00071
+00026
-00016
-00046
-00055
-00043
-00012
+00031
+00076
+00114
+00138
--
+00019
+00013
+00013
+00014
+00012
+00001
-00022
-00056
-00100
-00147
-00189
-00217
-00226
-00211
-00175
-00121
-00058
+00003
+00054
+00088
+00102
+00099
+00081
+00059
+00038
+00027
+00028
+00042
+00065
+00091
+00113
+00126
+00125
+00109
+00082
+00048
+00014
-00016
-00035
-00043
-00038
-00024
-00004
+00019
+00041
+00062
+00081
+00100
+00120
+00142
+00166
+00190
+00209
+00221
+00220
+00203
+00171
+00127
+00074
+00021
-00025
-00058
-00072
-00067
-00046
-00014
+00020
+00049
+00065
+00065
+00048
+00020
-00015
-00047
-00071
-00080
-00075
-00056
-00030
-00006
+00010
+00012
-00003
-00031
-00068
-00104
-00131
-00142
-00133
-00106
-00070
-00032
-00006
+00002
-00014
-00051
-00101
-00150
-00182
-00186
-00151
-00079
+00024
+00139
--
-00122
-00161
-00192
-00205
-00194
-00158
-00102
-00036
+00028
+00077
+00103
+00101
+00074
+00028
-00025
-00073
-00106
-00117
-00105
-00074
-00032
+00011
+00047
+00068
+00073
+00063
+00044
+00025
+00013
+00015
+00033
+00066
+00107
+00151
+00189
+00213
+00221
+00212
+00189
+00158
+00126
+00100
+00081
+00073
+00071
+00073
+00072
+00065
+00049
+00024
-00005
-00034
-00057
-00067
-00063
-00045
-00016
+00018
+00049
+00070
+00078
+00070
+00050
+00023
-00004
-00022
-00027
-00016
+00007
+00038
+00068
+00090
+00097
+00086
+00060
+00023
-00016
-00047
-00065
-00063
-00043
-00010
+00028
+00062
+00081
+00080
+00058
+00019
-00030
-00079
-00117
-00138
-00139
-00122
-00094
-00065
-00045
-00042
-00061
-00098
-00149
-00202
-00246
-00271
