+00209
+00221
+00215
+00195
+00163
+00127
+00093
+00066
+00049
+00045
+00050
+00062
+00074
+00081
+00078
+00062
+00033
-00006
-00050
-00093
-00127
-00149
-00156
-00147
-00126
-00097
-00067
-00041
-00024
-00019
-00024
-00037
-00053
-00068
-00077
-00078
-00069
-00053
-00033
-00013
+00002
+00008
+00004
-00010
-00033
-00060
-00088
-00113
-00132
-00144
-00150
-00153
-00154
-00156
-00161
-00169
-00178
-00184
-00183
-00173
-00150
-00114
-00068
-00017
+00034
+00076
+00105
+00116
+00108
+00085
+00051
+00015
-00017
-00037
-00041
-00029
-00004
+00030
+00065
+00095
+00115
+00120
+00112
+00092
+00066
+00038
+00015
+00001
-00002
+00005
+00020
+00042
+00065
+00087
+00105
+00117
+00123
+00122
+00115
+00103
+00087
+00069
+00051
+00036
--
+00278
+00269
+00244
+00208
+00165
+00123
+00088
+00063
+00050
+00047
+00052
+00060
+00068
+00072
+00072
+00070
+00066
+00064
+00065
+00069
+00075
+00080
+00080
+00074
+00061
+00041
+00019
+00002
-00007
-00002
+00018
+00052
+00093
+00134
+00164
+00178
+00168
+00135
+00083
+00021
-00041
-00090
-00120
-00124
-00103
-00063
-00014
+00034
+00069
+00085
+00079
+00053
+00014
-00029
-00067
-00092
-00101
-00095
-00077
-00056
-00040
-00034
-00044
-00066
-00099
-00133
-00162
-00177
-00175
-00155
-00121
-00078
-00037
-00004
+00015
+00017
+00003
-00023
-00055
-00088
-00114
-00132
-00139
-00139
-00135
-00128
-00124
-00122
-00122
-00121
-00118
-00108
-00091
-00066
-00036
-00005
+00022
+00042
+00052
+00051
+00041
+00025
+00007
-00009
--
+00080
+00042
-00002
-00047
-00086
-00115
-00130
-00130
-00117
-00095
-00069
-00046
-00029
-00022
-00025
-00035
-00048
-00060
-00067
-00067
-00061
-00051
-00042
-00037
-00042
-00057
-00080
-00108
-00134
-00151
-00154
-00139
-00106
-00060
-00006
+00046
+00089
+00116
+00122
+00108
+00077
+00036
-00007
-00046
-00076
-00091
-00095
-00087
-00074
-00061
-00051
-00047
-00050
-00058
-00068
-00077
-00081
-00077
-00064
-00044
-00019
+00009
+00035
+00058
+00075
+00087
+00093
+00096
+00100
+00106
+00117
+00133
+00156
+00183
+00211
+00237
+00257
+00267
+00264
+00248
+00218
+00178
+00132
+00084
+00040
+00006
-00017
-00028
-00028
-00020
-00010
-00003
-00002
-00009
-00024
-00044
-00065
-00080
-00086
-00078
-00057
-00025
+00013
+00052
