-00112
-00087
-00060
-00037
-00023
-00021
-00034
-00060
-00095
-00131
-00161
-00179
-00180
-00163
-00131
-00090
-00048
-00014
+00006
+00007
-00011
-00043
-00084
-00123
-00153
-00167
-00163
-00141
-00106
-00067
-00031
-00006
+00004
-00004
-00026
-00055
-00085
-00108
-00116
-00107
-00081
-00043
+00002
+00044
+00077
+00094
+00094
+00078
+00049
+00014
-00019
-00044
-00055
-00050
-00029
+00004
+00045
+00087
+00125
+00152
+00166
+00165
+00150
+00125
+00092
+00058
+00027
+00004
-00010
-00012
-00005
+00010
+00028
+00046
+00062
+00072
+00077
+00079
+00079
+00082
+00091
+00106
+00129
+00158
+00188
+00214
+00230
+00233
+00218
+00187
+00142
+00088
+00031
-00020
-00061
-00088
-00100
-00097
-00084
-00066
-00048
-00034
-00026
-00024
--
-00131
-00100
-00068
-00042
-00026
-00020
-00023
-00029
-00035
-00037
-00034
-00027
-00019
-00015
-00019
-00031
-00052
-00076
-00098
-00112
-00112
-00097
-00069
-00035
-00001
+00022
+00028
+00015
-00017
-00059
-00105
-00141
-00161
-00159
-00134
-00092
-00041
+00007
+00044
+00063
+00059
+00037
+00002
-00039
-00077
-00105
-00121
-00125
-00120
-00111
-00101
-00093
-00087
-00081
-00070
-00051
-00021
+00021
+00071
+00125
+00175
+00214
+00239
+00247
+00240
+00222
+00198
+00176
+00160
+00151
+00149
+00150
+00149
+00142
+00125
+00100
+00069
+00037
+00011
-00004
-00005
+00008
+00034
+00065
+00096
+00118
+00128
+00123
+00104
+00074
+00038
+00003
-00027
-00049
-00063
-00069
-00071
-00072
-00072
-00074
-00077
-00080
-00080
-00076
--
-00185
-00182
-00143
-00072
+00020
+00117
+00200
+00252
+00263
+00231
+00162
+00073
-00016
-00086
-00122
-00116
-00071
+00001
+00082
+00151
+00192
+00194
+00155
+00084
-00003
-00088
-00152
-00183
-00176
-00133
-00068
+00003
+00064
+00100
+00105
+00078
+00028
-00034
-00092
-00133
-00150
-00139
-00104
-00053
+00004
+00057
+00098
+00123
+00134
+00131
+00121
+00107
+00093
+00080
+00067
+00052
+00034
+00013
-00010
-00033
-00052
-00064
-00068
-00062
-00051
-00037
-00026
-00021
-00023
-00032
-00044
-00056
-00063
-00062
-00050
-00031
-00008
+00013
+00028
+00034
+00028
+00014
-00004
-00019
-00026
-00022
-00006
+00018
+00046
+00071
+00085
+00084
+00067
+00035
-00006
-00048
-00086
-00113
-00126
-00124
-00110
-00090
-00068
-00049
