-00018
-00037
-00061
-00087
-00107
-00115
-00106
-00081
-00041
+00009
+00060
+00104
+00135
+00151
+00151
+00139
+00122
+00108
+00104
+00112
+00133
+00163
+00195
+00222
+00235
+00231
+00209
+00172
+00127
+00082
+00045
+00023
+00018
+00028
+00048
+00069
+00084
+00088
+00076
+00049
+00012
-00029
-00066
-00092
-00103
-00098
-00079
-00050
-00018
+00011
+00032
+00042
+00041
+00030
+00014
-00005
-00023
-00037
-00045
-00047
-00043
-00034
-00022
-00009
+00004
+00015
+00022
+00023
+00018
+00005
-00015
-00041
-00069
-00098
-00124
-00143
-00154
-00157
-00153
-00144
-00134
-00126
-00123
-00126
-00134
-00145
-00155
-00161
-00159
-00146
-00123
-00090
-00051
-00010
+00029
+00060
+00080
+00089
+00086
+00072
+00052
+00026
+00001
-00023
--
+00055
+00108
+00151
+00177
+00182
+00166
+00133
+00088
+00042
+00002
-00024
-00030
-00016
+00015
+00057
+00102
+00141
+00166
+00174
+00164
+00139
+00104
+00068
+00038
+00018
+00011
+00014
+00025
+00037
+00044
+00041
+00026
+00000
-00032
-00065
-00090
-00103
-00100
-00081
-00049
-00009
+00031
+00065
+00086
+00091
+00081
+00057
+00023
-00013
-00046
-00072
-00087
-00090
-00081
-00062
-00036
-00007
+00021
+00047
+00067
+00082
+00090
+00094
+00094
+00093
+00092
+00092
+00093
+00094
+00093
+00088
+00076
+00055
+00025
-00013
-00058
-00104
-00148
-00187
-00216
-00234
-00240
-00236
-00223
-00205
-00183
-00160
-00136
-00114
-00093
-00074
-00058
-00045
-00037
-00034
-00034
-00037
-00041
-00045
-00045
-00042
-00035
-00027
-00021
--
+00116
+00125
+00128
+00128
+00124
+00118
+00110
+00101
+00090
+00077
+00059
+00038
+00014
-00010
-00031
-00045
-00050
-00047
-00036
-00023
-00013
-00010
-00021
-00044
-00079
-00119
-00154
-00176
-00176
-00150
-00098
-00027
+00052
+00126
+00182
+00209
+00204
+00166
+00104
+00029
-00044
-00103
-00139
-00151
-00141
-00117
-00089
-00067
-00059
-00068
-00091
-00122
-00153
-00174
-00180
-00169
-00142
-00106
-00069
-00038
-00019
-00013
-00019
-00032
-00045
-00054
-00053
-00044
-00028
-00012
-00001
+00001
-00009
-00029
-00054
-00078
-00092
-00092
-00076
-00044
-00003
+00039
+00076
+00099
+00106
+00099
+00080
+00059
+00043
+00038
+00048
+00071
+00105
+00141
+00171
+00187
+00187
+00168
+00136
+00095
+00054
+00022
+00004
+00003
