+00113
+00127
+00126
+00109
+00080
+00045
+00009
-00021
-00041
-00047
-00042
-00027
-00007
+00012
+00025
+00031
+00027
+00018
+00008
+00001
+00003
+00015
+00038
+00067
+00097
+00119
+00128
+00118
+00089
+00043
-00012
-00067
-00113
-00141
-00149
-00138
-00114
-00085
-00062
-00053
-00063
-00090
-00129
-00171
-00204
-00219
-00210
-00177
-00128
-00071
-00022
+00010
+00016
-00004
-00046
-00097
-00143
-00171
-00170
-00135
-00071
+00013
+00101
+00177
+00228
+00246
+00231
+00189
+00133
+00075
+00029
+00004
+00003
+00023
+00054
+00084
+00104
+00105
+00084
+00045
-00005
-00056
-00097
-00120
-00120
-00101
-00066
-00027
+00009
+00034
+00042
+00035
+00017
-00005
-00023
-00029
-00020
+00003
+00038
+00075
+00107
+00124
+00122
+00099
--
-00116
-00163
-00201
-00228
-00241
-00244
-00236
-00221
-00199
-00173
-00143
-00110
-00077
-00045
-00017
+00003
+00015
+00018
+00013
+00004
-00004
-00007
-00001
+00016
+00042
+00074
+00105
+00130
+00142
+00138
+00119
+00086
+00046
+00005
-00029
-00052
-00062
-00060
-00050
-00037
-00026
-00022
-00027
-00039
-00056
-00075
-00090
-00099
-00100
-00093
-00083
-00070
-00060
-00052
-00049
-00050
-00051
-00052
-00051
-00047
-00040
-00032
-00026
-00022
-00020
-00020
-00020
-00017
-00008
+00007
+00028
+00054
+00080
+00104
+00121
+00130
+00130
+00124
+00114
+00105
+00099
+00099
+00106
+00117
+00129
+00140
+00146
+00146
+00141
+00132
+00122
+00113
+00108
+00107
+00107
+00107
+00103
+00092
+00073
+00047
+00018
-00011
-00034
-00046
--
-00054
-00058
-00062
-00067
-00073
-00079
-00084
-00086
-00083
-00074
-00063
-00053
-00049
-00054
-00072
-00102
-00141
-00182
-00216
-00236
-00234
-00211
-00167
-00111
-00052
-00001
+00031
+00041
+00026
-00009
-00055
-00101
-00137
-00156
-00154
-00133
-00097
-00056
-00018
+00012
+00028
+00030
+00023
+00009
-00003
-00011
-00012
-00006
+00005
+00016
+00026
+00030
+00029
+00024
+00018
+00014
+00015
+00023
+00038
+00058
+00080
+00101
+00117
+00128
+00135
+00137
+00139
+00141
+00146
+00154
+00163
+00172
+00179
+00182
+00180
+00175
+00166
+00156
+00145
+00136
+00126
+00115
+00101
+00083
+00061
+00037
+00012
-00010
-00025
-00031
-00026
-00013
+00006
+00025
+00039
+00042
+00034
+00014
-00014
-00045
-00072
-00091
-00096
-00087
