+00002
+00035
+00071
+00104
+00131
+00146
+00147
+00135
+00112
+00085
+00059
+00041
+00034
+00038
+00051
+00068
+00082
+00087
+00080
+00060
+00031
-00002
-00029
-00045
-00046
-00029
+00001
+00038
+00074
+00100
+00110
+00103
+00079
+00045
+00006
-00030
-00057
-00071
-00073
-00064
-00049
-00031
-00014
-00001
+00008
+00012
+00013
+00010
+00004
-00006
-00021
-00041
-00065
-00091
-00115
-00132
-00140
-00137
-00124
-00104
-00084
-00070
-00067
-00079
-00105
-00142
-00181
-00214
-00231
-00226
-00197
-00147
-00081
-00008
+00060
+00114
+00151
+00166
+00164
+00149
+00129
+00111
+00101
+00101
+00110
+00124
+00138
+00145
+00142
+00125
+00095
+00054
+00007
-00041
-00083
-00116
-00136
-00142
-00136
-00120
-00099
-00075
-00053
-00035
--
-00138
-00174
-00196
-00200
-00188
-00160
-00124
-00085
-00052
-00030
-00021
-00025
-00038
-00057
-00074
-00086
-00089
-00084
-00074
-00062
-00055
-00056
-00068
-00090
-00119
-00149
-00174
-00189
-00191
-00178
-00154
-00122
-00089
-00059
-00036
-00023
-00018
-00020
-00023
-00026
-00025
-00020
-00011
-00002
+00006
+00010
+00008
+00002
-00006
-00015
-00022
-00024
-00022
-00017
-00011
-00007
-00008
-00014
-00024
-00036
-00046
-00049
-00044
-00029
-00005
+00024
+00053
+00078
+00095
+00102
+00101
+00095
+00087
+00083
+00085
+00096
+00113
+00132
+00148
+00158
+00156
+00142
+00119
+00089
+00061
+00038
+00027
+00030
+00047
+00074
+00105
+00136
+00161
+00176
+00181
+00177
+00167
+00154
+00141
+00130
+00122
+00115
+00109
+00101
--
-00043
-00065
-00083
-00093
-00092
-00080
-00059
-00033
-00006
+00016
+00028
+00029
+00018
-00005
-00036
-00071
-00105
-00132
-00150
-00156
-00148
-00126
-00093
-00052
-00007
+00037
+00075
+00104
+00120
+00121
+00109
+00086
+00057
+00027
+00003
-00010
-00009
+00007
+00037
+00076
+00118
+00156
+00185
+00201
+00202
+00191
+00171
+00147
+00123
+00104
+00092
+00086
+00084
+00083
+00080
+00072
+00061
+00046
+00033
+00025
+00024
+00032
+00050
+00073
+00097
+00116
+00126
+00126
+00113
+00093
+00067
+00043
+00025
+00014
+00011
+00013
+00015
+00013
+00003
-00017
-00044
-00076
-00105
-00126
-00133
-00125
-00103
-00074
-00046
-00026
-00021
-00035
-00067
-00111
-00158
-00199
-00225
-00230
-00213
-00178
-00133
-00087
-00051
-00030
