-00163
-00172
-00170
-00158
-00138
-00116
-00099
-00092
-00096
-00112
-00133
-00153
-00163
-00157
-00134
-00094
-00045
+00005
+00044
+00067
+00067
+00048
+00015
-00025
-00060
-00083
-00091
-00084
-00068
-00049
-00037
-00036
-00050
-00077
-00108
-00136
-00152
-00149
-00124
-00081
-00026
+00031
+00081
+00114
+00128
+00122
+00101
+00073
+00047
+00029
+00024
+00033
+00054
+00081
+00106
+00125
+00133
+00130
+00115
+00094
+00070
+00046
+00028
+00015
+00008
+00006
+00008
+00013
+00022
+00034
+00050
+00070
+00095
+00123
+00150
+00174
+00191
+00198
+00195
+00181
+00161
+00137
+00114
+00095
+00082
+00076
+00074
+00073
+00068
+00058
+00039
+00013
-00017
-00048
-00075
-00095
-00105
-00104
-00096
-00084
-00072
-00065
-00066
-00075
--
-00051
-00097
-00116
-00104
-00062
+00000
+00070
+00134
+00177
+00190
+00171
+00124
+00057
-00016
-00083
-00133
-00161
-00166
-00153
-00131
-00108
-00092
-00086
-00093
-00107
-00123
-00134
-00135
-00122
-00095
-00057
-00015
+00027
+00062
+00087
+00100
+00102
+00096
+00085
+00071
+00058
+00046
+00035
+00026
+00017
+00008
-00001
-00011
-00021
-00030
-00039
-00046
-00053
-00058
-00061
-00061
-00058
-00051
-00041
-00029
-00016
-00005
+00003
+00004
+00000
-00009
-00020
-00031
-00037
-00036
-00028
-00012
+00007
+00027
+00044
+00052
+00051
+00041
+00023
+00001
-00022
-00040
-00052
-00055
-00049
-00035
-00012
+00018
+00053
+00093
+00136
+00180
+00219
+00249
+00264
+00259
+00231
+00181
+00111
+00030
-00053
-00125
-00178
-00205
--
-00005
-00020
-00025
-00018
+00002
+00031
+00067
+00103
+00135
+00160
+00175
+00177
+00167
+00145
+00113
+00073
+00028
-00019
-00062
-00099
-00125
-00140
-00142
-00133
-00117
-00098
-00082
-00074
-00076
-00088
-00108
-00130
-00150
-00160
-00157
-00139
-00109
-00070
-00030
+00005
+00029
+00039
+00036
+00025
+00010
-00001
-00003
+00006
+00027
+00055
+00085
+00108
+00121
+00119
+00102
+00076
+00046
+00021
+00007
+00008
+00024
+00052
+00084
+00111
+00125
+00120
+00092
+00043
-00019
-00085
-00145
-00189
-00209
-00204
-00174
-00125
-00066
-00007
+00043
+00078
+00094
+00092
+00076
+00053
+00031
+00017
+00015
+00027
+00050
+00081
+00113
+00138
+00149
+00143
+00119
+00078
+00028
-00026
-00076
-00115
-00139
-00147
-00142
-00128
