-00068
-00076
-00079
-00077
-00072
-00064
-00056
-00049
-00045
-00044
-00048
-00056
-00067
-00080
-00093
-00103
-00110
-00114
-00113
-00109
-00103
-00098
-00093
-00092
-00093
-00098
-00105
-00113
-00121
-00129
-00134
-00137
-00138
-00137
-00135
-00133
-00130
-00128
-00124
-00120
-00113
-00104
-00092
-00078
-00062
-00046
-00030
-00017
-00006
+00000
+00003
+00004
+00004
+00007
+00014
+00027
+00046
+00070
+00097
+00124
+00146
+00161
+00166
+00160
+00143
+00120
+00093
+00067
+00047
+00035
+00033
+00040
+00054
+00071
+00087
+00098
+00102
+00098
+00087
+00073
+00059
+00049
+00046
+00054
+00070
+00095
+00126
+00157
+00184
+00204
+00214
+00212
+00198
+00173
+00141
+00104
+00068
+00036
+00010
-00007
-00016
-00015
-00009
+00001
--
-00145
-00118
-00084
-00048
-00018
+00000
+00003
-00011
-00039
-00077
-00118
-00152
-00172
-00174
-00155
-00119
-00073
-00023
+00020
+00048
+00057
+00046
+00017
-00022
-00063
-00096
-00116
-00118
-00102
-00073
-00039
-00007
+00014
+00018
+00005
-00024
-00064
-00106
-00143
-00167
-00175
-00166
-00144
-00113
-00082
-00057
-00043
-00043
-00056
-00077
-00101
-00120
-00131
-00129
-00114
-00087
-00054
-00020
+00010
+00033
+00046
+00051
+00050
+00048
+00046
+00048
+00055
+00064
+00074
+00081
+00082
+00074
+00058
+00037
+00015
-00004
-00015
-00014
-00001
+00023
+00055
+00091
+00123
+00149
+00164
+00168
+00163
+00151
+00137
+00125
+00117
+00115
+00120
+00129
+00141
+00152
+00160
+00163
+00162
+00156
+00148
+00139
+00131
+00126
--
-00132
-00068
+00006
+00073
+00119
+00134
+00115
+00065
-00003
-00076
-00136
-00172
-00176
-00150
-00101
-00044
+00008
+00041
+00047
+00025
-00019
-00073
-00124
-00160
-00172
-00159
-00125
-00079
-00036
-00007
+00000
-00017
-00054
-00101
-00144
-00170
-00172
-00147
-00098
-00037
+00024
+00070
+00090
+00080
+00042
-00014
-00075
-00125
-00152
-00148
-00115
-00060
+00005
+00064
+00103
+00113
+00094
+00049
-00009
-00065
-00106
-00120
-00103
-00060
+00000
+00063
+00113
+00140
+00137
+00105
+00054
-00004
-00054
-00083
-00083
-00054
-00002
+00061
+00121
+00165
+00184
+00174
+00140
+00091
+00040
+00001
-00018
-00012
+00017
+00060
+00108
+00149
+00172
+00175
+00157
+00125
+00089
+00057
+00037
+00033
+00044
+00063
+00082
+00091
