+00093
+00076
+00046
+00007
-00035
-00072
-00098
-00106
-00096
-00069
-00031
+00008
+00042
+00063
+00067
+00055
+00031
+00001
-00029
-00053
-00068
-00072
-00068
-00060
-00050
-00042
-00036
-00031
-00024
-00015
+00000
+00021
+00044
+00069
+00091
+00107
+00118
+00124
+00126
+00128
+00133
+00140
+00150
+00159
+00164
+00160
+00145
+00119
+00085
+00047
+00012
-00015
-00030
-00033
-00028
-00018
-00010
-00009
-00016
-00032
-00051
-00067
-00071
-00057
-00025
+00025
+00086
+00146
+00194
+00221
+00219
+00188
+00130
+00056
-00024
-00096
-00152
-00184
-00193
-00182
-00159
-00133
-00113
-00105
-00110
-00127
-00150
-00172
-00184
-00183
-00164
-00129
-00083
-00033
+00014
+00051
+00073
+00078
+00068
+00047
+00021
-00004
-00022
-00031
--
+00060
+00103
+00137
+00155
+00156
+00139
+00110
+00074
+00039
+00010
-00008
-00015
-00013
-00009
-00006
-00009
-00021
-00040
-00063
-00083
-00093
-00088
-00065
-00025
+00028
+00086
+00140
+00181
+00204
+00204
+00185
+00149
+00105
+00062
+00026
+00003
-00004
+00004
+00023
+00047
+00071
+00089
+00098
+00096
+00083
+00061
+00033
+00004
-00023
-00044
-00056
-00057
-00047
-00024
+00007
+00044
+00080
+00112
+00131
+00136
+00123
+00094
+00054
+00009
-00031
-00059
-00069
-00059
-00031
+00008
+00049
+00080
+00094
+00084
+00051
+00000
-00060
-00118
-00161
-00181
-00175
-00146
-00100
-00049
-00005
+00022
+00026
+00006
-00033
-00084
-00136
-00180
-00209
-00221
-00216
-00200
-00176
-00152
-00131
-00114
-00098
-00083
-00064
-00040
--
+00018
+00067
+00106
+00132
+00141
+00136
+00120
+00102
+00088
+00084
+00092
+00112
+00140
+00169
+00195
+00212
+00217
+00211
+00197
+00177
+00156
+00137
+00120
+00105
+00092
+00077
+00060
+00041
+00024
+00010
+00004
+00007
+00020
+00040
+00063
+00082
+00091
+00085
+00063
+00026
-00020
-00067
-00108
-00134
-00142
-00132
-00106
-00073
-00040
-00014
-00002
-00006
-00024
-00051
-00082
-00110
-00130
-00140
-00140
-00132
-00120
-00108
-00098
-00091
-00088
-00085
-00080
-00073
-00062
-00051
-00043
-00039
-00044
-00058
-00079
-00103
-00125
-00138
-00139
-00125
-00099
-00066
-00032
-00007
+00005
-00001
-00022
-00055
-00089
-00116
-00128
-00119
-00089
-00043
+00009
+00058
+00093
+00107
+00096
+00064
+00018
-00031
-00073
-00100
