-00047
-00044
-00052
-00069
-00092
-00116
-00135
-00145
-00139
-00118
-00082
-00034
+00017
+00063
+00099
+00116
+00114
+00092
+00057
+00015
-00024
-00051
-00063
-00055
-00031
+00004
+00041
+00072
+00087
+00084
+00060
+00019
-00032
-00084
-00129
-00159
-00171
-00164
-00141
-00108
-00073
-00044
-00025
-00020
-00029
-00051
-00081
-00112
-00141
-00161
-00171
-00170
-00159
-00141
-00121
-00101
-00086
-00076
-00072
-00072
-00073
-00072
-00065
-00051
-00028
+00001
+00035
+00067
+00094
+00111
+00114
+00103
+00081
+00052
+00021
-00005
-00021
-00024
-00014
+00008
+00038
+00069
+00096
+00115
+00124
+00122
+00113
+00101
+00090
+00084
+00087
+00098
+00116
+00138
+00159
+00177
+00187
+00189
+00183
+00168
+00149
+00127
+00103
+00081
--
-00169
-00142
-00106
-00067
-00033
-00012
-00007
-00020
-00050
-00089
-00130
-00165
-00184
-00183
-00161
-00120
-00066
-00009
+00042
+00078
+00094
+00087
+00059
+00017
-00032
-00079
-00115
-00136
-00138
-00124
-00097
-00064
-00030
-00003
+00013
+00018
+00011
-00004
-00024
-00044
-00062
-00073
-00079
-00080
-00078
-00074
-00072
-00072
-00076
-00081
-00088
-00092
-00091
-00084
-00069
-00046
-00016
+00019
+00053
+00083
+00105
+00114
+00110
+00093
+00064
+00028
-00009
-00042
-00067
-00080
-00082
-00073
-00057
-00038
-00020
-00006
+00003
+00010
+00018
+00029
+00048
+00075
+00110
+00148
+00186
+00216
+00235
+00239
+00228
+00204
+00174
+00143
+00118
+00102
+00098
+00102
+00112
+00122
+00126
+00121
+00105
+00080
+00051
+00022
--
-00138
-00135
-00126
-00109
-00089
-00069
-00053
-00047
-00052
-00070
-00097
-00129
-00160
-00181
-00187
-00174
-00143
-00097
-00043
+00009
+00049
+00070
+00066
+00037
-00011
-00071
-00132
-00181
-00211
-00214
-00190
-00143
-00082
-00016
+00044
+00086
+00107
+00103
+00078
+00039
-00006
-00046
-00074
-00084
-00074
-00047
-00008
+00035
+00076
+00107
+00123
+00123
+00107
+00081
+00049
+00018
-00005
-00018
-00017
-00003
+00023
+00055
+00089
+00120
+00143
+00155
+00156
+00146
+00129
+00107
+00085
+00067
+00055
+00052
+00055
+00064
+00074
+00084
+00090
+00091
+00088
+00082
+00075
+00071
+00073
+00081
+00095
+00111
+00125
+00132
+00128
+00109
+00076
+00031
-00021
-00071
-00112
-00138
-00145
-00132
-00103
-00063
-00021
+00015
