+00028
+00037
+00054
+00076
+00096
+00109
+00108
+00092
+00061
+00021
-00018
-00049
-00064
-00059
-00034
+00004
+00046
+00081
+00099
+00096
+00070
+00026
-00026
-00078
-00118
-00142
-00145
-00133
-00110
-00085
-00065
-00053
-00050
-00050
-00047
-00032
-00003
+00044
+00104
+00167
+00223
+00260
+00270
+00249
+00201
+00134
+00060
-00006
-00054
-00077
-00073
-00049
-00014
+00020
+00042
+00046
+00030
-00003
-00043
-00081
-00107
-00112
-00095
-00057
-00005
+00052
+00103
+00141
+00160
+00159
+00142
+00113
+00080
+00050
+00027
+00014
+00010
+00013
+00019
+00022
+00019
+00008
-00011
-00039
-00071
-00106
-00138
-00165
-00184
-00192
-00188
-00174
-00149
-00117
-00081
-00045
-00015
+00005
+00013
+00005
-00016
-00050
-00091
-00135
--
-00177
-00181
-00159
-00114
-00054
+00008
+00060
+00092
+00100
+00083
+00047
+00002
-00040
-00068
-00074
-00057
-00019
+00032
+00086
+00132
+00160
+00166
+00150
+00115
+00069
+00023
-00014
-00037
-00041
-00029
-00006
+00022
+00047
+00061
+00062
+00049
+00026
-00001
-00024
-00037
-00033
-00012
+00023
+00067
+00112
+00147
+00165
+00161
+00135
+00090
+00034
-00023
-00070
-00098
-00101
-00078
-00035
+00019
+00073
+00116
+00138
+00133
+00103
+00054
-00004
-00058
-00096
-00108
-00092
-00050
+00009
+00072
+00126
+00158
+00159
+00130
+00074
+00002
-00070
-00130
-00165
-00171
-00148
-00104
-00052
-00005
+00023
+00025
-00003
-00053
-00117
-00178
-00224
-00242
-00228
-00183
-00116
-00040
+00029
+00077
+00095
+00079
+00034
-00030
--
-00128
-00113
-00095
-00078
-00063
-00051
-00041
-00031
-00019
-00005
+00008
+00019
+00024
+00019
+00003
-00023
-00055
-00088
-00114
-00129
-00128
-00111
-00081
-00046
-00013
+00010
+00016
+00006
-00018
-00049
-00077
-00093
-00087
-00059
-00012
+00047
+00106
+00150
+00169
+00157
+00113
+00046
-00032
-00104
-00156
-00175
-00157
-00105
-00030
+00054
+00128
+00177
+00192
+00169
+00114
+00040
-00038
-00101
-00136
-00135
-00097
-00029
+00055
+00139
+00206
+00244
+00246
+00210
+00145
+00063
-00023
-00096
-00147
-00167
-00157
-00121
-00070
-00014
+00035
+00067
+00077
+00066
+00038
+00001
-00035
-00061
-00071
-00061
-00032
+00009
+00055
+00097
+00128
+00141
+00137
+00116
+00085
+00051
+00020
-00002
-00014
-00015
-00010
-00003
