+00240
+00260
+00266
+00260
+00243
+00219
+00193
+00167
+00146
+00133
+00127
+00129
+00135
+00144
+00151
+00154
+00150
+00140
+00123
+00102
+00081
+00062
+00048
+00042
+00042
+00048
+00057
+00065
+00068
+00064
+00053
+00036
+00014
-00009
-00028
-00041
-00046
-00042
-00031
-00016
-00001
+00010
+00014
+00011
+00002
-00013
-00029
-00044
-00054
-00059
-00057
-00051
-00042
-00033
-00027
-00024
-00027
-00034
-00044
-00055
-00066
-00075
-00081
-00083
-00082
-00078
-00073
-00067
-00060
-00053
-00047
-00042
-00038
-00035
-00034
-00034
-00035
-00038
-00041
-00044
-00047
-00050
-00052
-00054
-00057
-00060
-00065
-00071
-00079
-00089
-00098
-00108
-00115
-00121
-00124
-00125
-00124
-00122
-00120
-00118
-00118
-00120
-00122
-00126
--
-00077
-00075
-00072
-00068
-00068
-00071
-00079
-00092
-00109
-00127
-00146
-00161
-00170
-00175
-00173
-00168
-00160
-00152
-00146
-00144
-00145
-00149
-00152
-00153
-00149
-00138
-00118
-00091
-00058
-00024
+00008
+00033
+00048
+00051
+00042
+00024
+00000
-00024
-00045
-00058
-00062
-00057
-00046
-00033
-00022
-00018
-00022
-00035
-00054
-00073
-00088
-00092
-00081
-00055
-00015
+00034
+00084
+00129
+00161
+00177
+00177
+00161
+00137
+00110
+00088
+00075
+00073
+00081
+00097
+00114
+00128
+00135
+00132
+00121
+00104
+00087
+00075
+00070
+00076
+00089
+00108
+00127
+00140
+00143
+00134
+00114
+00085
+00053
+00024
+00002
-00009
-00007
+00007
+00029
+00055
+00079
+00097
+00105
+00102
+00089
+00066
+00038
+00007
-00022
--
+00205
+00218
+00194
+00140
+00067
-00013
-00085
-00139
-00169
-00173
-00156
-00126
-00092
-00065
-00050
-00049
-00062
-00082
-00103
-00118
-00121
-00112
-00089
-00059
-00027
+00000
+00016
+00018
+00006
-00018
-00048
-00076
-00098
-00106
-00100
-00079
-00047
-00008
+00030
+00062
+00085
+00094
+00092
+00079
+00060
+00039
+00018
+00000
-00014
-00024
-00031
-00035
-00037
-00035
-00029
-00016
+00005
+00036
+00074
+00119
+00163
+00203
+00232
+00246
+00240
+00217
+00178
+00128
+00073
+00021
-00024
-00056
-00075
-00082
-00077
-00066
-00053
-00040
-00031
-00026
-00027
-00032
-00040
-00050
-00062
-00073
-00084
-00093
-00100
-00102
-00100
-00091
-00076
-00054
-00026
+00006
+00040
+00072
+00099
+00120
+00134
+00139
+00136
+00127
