-00131
-00168
-00185
-00182
-00162
-00130
-00093
-00059
-00034
-00023
-00028
-00048
-00079
-00115
-00148
-00171
-00181
-00176
-00155
-00124
-00089
-00056
-00032
-00021
-00025
-00040
-00064
-00089
-00110
-00120
-00117
-00101
-00075
-00045
-00016
+00004
+00012
+00007
-00011
-00037
-00065
-00089
-00104
-00105
-00094
-00071
-00043
-00014
+00011
+00026
+00030
+00026
+00015
+00004
-00002
+00001
+00016
+00041
+00074
+00108
+00137
+00155
+00157
+00141
+00110
+00067
+00021
-00022
-00054
-00071
-00071
-00055
-00029
+00003
+00034
+00057
+00071
+00075
+00070
+00062
+00055
+00055
+00064
+00083
+00110
+00140
+00170
+00192
+00203
+00201
+00185
+00158
+00126
+00093
+00066
+00049
+00045
+00053
+00071
+00095
+00121
+00142
+00155
+00158
--
-00150
-00134
-00109
-00081
-00055
-00036
-00027
-00027
-00035
-00046
-00056
-00060
-00057
-00047
-00033
-00018
-00008
-00007
-00015
-00031
-00051
-00069
-00079
-00077
-00061
-00031
+00005
+00041
+00069
+00081
+00072
+00045
+00002
-00047
-00091
-00121
-00129
-00113
-00074
-00022
+00033
+00079
+00104
+00102
+00072
+00021
-00043
-00107
-00156
-00182
-00180
-00151
-00102
-00045
+00008
+00045
+00061
+00052
+00024
-00015
-00054
-00082
-00091
-00078
-00045
-00001
+00044
+00078
+00094
+00084
+00050
-00003
-00064
-00122
-00166
-00187
-00180
-00148
-00096
-00033
+00031
+00085
+00123
+00143
+00144
+00130
+00109
+00088
+00073
+00068
+00076
+00095
+00124
+00156
+00188
+00213
+00227
+00228
+00215
+00189
+00152
+00109
+00066
+00028
--
-00097
-00060
-00008
+00049
+00098
+00130
+00137
+00119
+00083
+00040
+00002
-00018
-00011
+00023
+00079
+00145
+00205
+00245
+00253
+00226
+00166
+00086
+00000
-00074
-00122
-00136
-00117
-00071
-00014
+00037
+00069
+00069
+00037
-00021
-00094
-00164
-00215
-00236
-00220
-00171
-00100
-00020
+00052
+00100
+00116
+00100
+00056
-00004
-00064
-00110
-00132
-00125
-00091
-00037
+00024
+00079
+00115
+00126
+00109
+00067
+00009
-00053
-00108
-00145
-00159
-00147
-00114
-00067
-00015
+00032
+00064
+00078
+00070
+00045
+00008
-00034
-00070
-00095
-00103
-00093
-00068
-00033
+00005
+00038
+00060
+00067
+00059
+00039
+00013
-00014
-00033
-00039
-00031
-00010
+00020
+00051
+00075
+00087
+00081
+00056
+00016
-00033
-00085
-00132
