+00092
+00090
+00096
+00108
+00124
+00140
+00151
+00154
+00147
+00132
+00109
+00082
+00053
+00025
+00000
-00023
-00044
-00063
-00079
-00092
-00099
-00099
-00090
-00071
-00046
-00017
+00009
+00028
+00033
+00024
-00001
-00036
-00077
-00115
-00145
-00162
-00164
-00153
-00134
-00114
-00098
-00091
-00095
-00109
-00129
-00149
-00164
-00169
-00162
-00144
-00119
-00092
-00068
-00051
-00043
-00044
-00053
-00065
-00078
-00089
-00095
-00096
-00094
-00090
-00084
-00079
-00075
-00070
-00063
-00054
-00041
-00025
-00007
+00012
+00029
+00044
+00055
+00063
+00068
+00072
+00076
+00083
+00092
+00104
+00116
+00126
+00133
+00136
+00133
+00127
+00117
+00108
+00101
+00099
+00102
+00111
+00123
+00135
+00144
+00147
+00142
+00128
+00107
+00082
--
-00033
-00039
-00052
-00069
-00087
-00103
-00115
-00123
-00127
-00125
-00119
-00110
-00097
-00083
-00068
-00053
-00041
-00033
-00031
-00037
-00049
-00067
-00087
-00105
-00117
-00121
-00115
-00100
-00078
-00056
-00038
-00030
-00034
-00050
-00076
-00106
-00135
-00154
-00160
-00151
-00130
-00100
-00069
-00045
-00033
-00036
-00052
-00078
-00106
-00128
-00138
-00132
-00109
-00075
-00034
+00005
+00037
+00057
+00065
+00063
+00059
+00057
+00063
+00079
+00104
+00133
+00160
+00178
+00181
+00168
+00140
+00103
+00064
+00032
+00014
+00012
+00027
+00053
+00084
+00112
+00133
+00143
+00142
+00135
+00126
+00121
+00122
+00130
+00141
+00150
+00152
+00142
+00119
+00087
+00052
+00023
+00007
+00010
+00032
+00068
+00110
+00144
+00158
+00146
--
-00127
-00135
-00139
-00136
-00124
-00104
-00081
-00059
-00046
-00046
-00064
-00098
-00144
-00192
-00236
-00264
-00273
-00259
-00226
-00179
-00127
-00080
-00045
-00025
-00020
-00028
-00041
-00054
-00060
-00056
-00043
-00025
-00005
+00009
+00014
+00009
-00007
-00028
-00050
-00065
-00069
-00061
-00041
-00013
+00019
+00046
+00066
+00074
+00072
+00061
+00047
+00033
+00027
+00028
+00040
+00058
+00080
+00101
+00115
+00121
+00117
+00104
+00086
+00064
+00044
+00028
+00019
+00016
+00018
+00023
+00031
+00038
+00046
+00052
+00059
+00068
+00078
+00091
+00107
+00122
+00138
+00150
+00160
+00165
+00166
+00164
+00158
+00151
+00141
+00130
+00115
+00098
+00077
+00055
+00031
+00008
-00012
-00027
-00036
-00040
-00039
-00037
-00036
-00038
