+00163
+00166
+00168
+00168
+00167
+00163
+00156
+00144
+00129
+00109
+00086
+00062
+00040
+00023
+00014
+00016
+00030
+00054
+00085
+00117
+00145
+00163
+00167
+00155
+00129
+00093
+00053
+00015
-00013
-00029
-00029
-00016
+00006
+00032
+00055
+00069
+00070
+00056
+00028
-00010
-00054
-00099
-00139
-00171
-00193
-00203
-00204
-00197
-00184
-00166
-00147
-00126
-00105
-00085
-00065
-00046
-00030
-00018
-00010
-00010
-00016
-00030
-00049
-00072
-00097
-00121
-00140
-00153
-00157
-00154
-00143
-00127
-00108
-00088
-00071
-00059
-00050
-00046
-00044
-00043
-00039
-00032
-00019
-00001
+00021
+00045
+00068
+00088
+00102
+00108
+00105
+00095
+00079
+00060
+00039
+00021
+00008
+00000
-00003
+00001
+00007
+00016
+00024
+00030
--
+00204
+00208
+00205
+00198
+00189
+00180
+00172
+00165
+00158
+00149
+00135
+00116
+00093
+00066
+00037
+00009
-00015
-00035
-00048
-00055
-00056
-00053
-00046
-00037
-00030
-00025
-00024
-00028
-00040
-00058
-00082
-00110
-00140
-00168
-00191
-00206
-00211
-00206
-00192
-00172
-00149
-00126
-00108
-00095
-00087
-00085
-00085
-00086
-00087
-00085
-00082
-00078
-00073
-00070
-00069
-00068
-00065
-00060
-00049
-00031
-00006
+00025
+00058
+00089
+00115
+00131
+00134
+00126
+00106
+00080
+00050
+00023
+00001
-00013
-00018
-00016
-00009
+00000
+00007
+00010
+00008
+00002
-00006
-00012
-00013
-00008
+00005
+00024
+00046
+00067
+00081
+00085
+00076
+00056
+00027
-00004
-00031
-00046
-00044
-00022
+00018
+00070
+00126
+00178
--
+00139
+00086
+00033
-00008
-00025
-00013
+00025
+00079
+00137
+00183
+00205
+00195
+00155
+00091
+00016
-00055
-00107
-00132
-00126
-00092
-00041
+00016
+00063
+00091
+00095
+00076
+00040
-00002
-00040
-00063
-00068
-00054
-00028
+00002
+00025
+00032
+00019
-00013
-00060
-00111
-00156
-00184
-00187
-00166
-00123
-00067
-00011
+00035
+00059
+00056
+00029
-00019
-00075
-00127
-00164
-00176
-00161
-00121
-00064
-00003
+00050
+00084
+00090
+00068
+00022
-00039
-00102
-00155
-00188
-00195
-00177
-00138
-00088
-00037
+00003
+00026
+00029
+00014
-00013
-00044
-00069
-00083
-00081
-00063
-00034
+00002
+00038
+00067
+00088
+00100
+00105
+00106
+00107
+00111
+00118
+00127
+00136
+00141
+00141
+00136
+00126
+00115
+00107
+00106
